57,4
57,1
57,3
50,4
55,1
55,3
0,270
3,2
3,1
3,3
10,21
10,187
10,226
10,122
10,301
11,29
11,10
11,20
9,5
8,11
8,7
8,6
8,5
8,8
54,4
54,3
54,2
54,1
53,4
53,3
53,1
52,4
52,3
52,1
50,5
50,3
50,1
41,4
41,3
41,1
36,4
36,3
36,1
33,3
33,1
21,3
21,2
21,1
21,0
20,3
20,2
20,1
19,3
19,2
19,1
12,3
12,2
12,1
11,30
11,26
11,25
11,23
11,21
11,19
11,18
11,17
11,16
11,15
11,14
11,12
11,9
11,8
11,7
11,6
11,5
11,4
11,3
11,2
11,1
10,314
10,304
10,298
10,282
10,266
10,249
10,248
10,242
10,221
10,211
10,201
10,198
10,190
10,185
10,184
10,170
10,153
10,134
10,131
10,123
10,121
10,120
10,119
10,117
10,97
10,74
10,72
18,1
10,23
